89,91
25,32
93,86
57,57
57,60
86,76
79,69
80,76
96,104
41,43
54,47
47,52
88,86
91,86
18,16
61,52
63,58
84,81
53,52
11,3
81,80
93,96
21,25
11,6
46,38
57,56
80,83
41,38
65,72
98,98
59,68
97,94
45,54
65,64
52,59
58,63
73,68
34,28
84,90
14,17
25,31
37,29
19,14
89,79
18,13
10,16
67,62
73,79
96,104
40,36
80,89
73,68
71,72
30,24
94,97
42,36
29,33
44,39
83,80
51,49
83,81
95,89
70,68
19,20
31,30
48,40
93,93
68,65
26,16
34,41
96,104
93,84
78,77
71,65
58,62
91,82
65,56
19,26
29,33
64,58
76,75
57,48
87,89
86,89
34,28
47,37
89,95
14,16
29,35
53,46
24,22
29,21
71,70
23,32
63,69
45,42
36,45
55,57
67,76
93,86
43,51
24,18
15,18
35,31
78,69
60,50
28,25
92,86
55,53
21,22
30,30
69,60
93,95
91,100
91,85
34,30
26,27
18,25
12,3
74,78
64,56
92,87
48,46
12,4
24,28
58,60
90,92
25,32
26,27
50,44
64,57
50,57
91,93
44,34
94,94
90,92
62,64
21,24
90,83
74,72
76,76
27,35
84,79
15,21
99,100
34,41
12,2
33,35
96,105
60,58
21,25
46,37
70,79
10,9
24,33
62,59
21,17
25,29
77,85
83,86
74,75
91,98
84,92
26,16
25,15
57,48
52,61
59,49
40,37
73,67
26,34
70,77
37,35
13,14
59,57
27,21
87,89
34,33
32,29
79,69
86,93
46,52
25,26
78,69
59,65
84,80
14,6
37,31
72,63
82,85
69,67
54,57
63,59
69,62
71,78
35,37
74,81
86,83
68,76
11,14
42,33
33,26
64,62
44,50
25,28
73,67
77,76
39,38
32,39
67,63
81,88
94,93
62,63
84,79
91,87
68,73
53,62
56,50
76,66
91,97
86,79
48,39
97,105
69,70
64,63
32,25
13,14
67,59
92,98
77,78
24,28
32,41
87,87
26,32
92,88
46,48
38,45
12,21
81,89
79,73
82,73
94,84
83,91
67,64
55,45
48,49
29,36
83,75
82,86
41,34
85,76
86,88
56,51
96,105
17,9
53,45
54,58
53,59
20,14
55,61
47,43
86,88
10,8
94,102
16,9
56,60
61,57
41,32
82,84
13,3
11,7
89,86
42,32
97,106
36,41
24,16
32,34
62,67
95,104
28,28
79,81
50,44
90,82
64,56
78,82
44,52
26,34
38,31
94,95
97,101
15,13
85,87
72,74
52,56
96,100
88,81
35,31
45,52
46,38
70,63
58,51
60,59
74,74
82,72
66,71
38,32
53,46
37,42
23,28
75,68
18,8
51,60
56,63
99,95
55,54
92,99
64,64
58,62
92,99
56,54
70,79
39,46
98,95
68,72
19,18
96,92
95,91
91,82
68,71
22,22
87,95
97,102
69,68
67,73
45,47
15,23
42,33
72,80
40,48
43,34
79,79
30,29
44,47
51,50
45,41
28,35
46,36
22,25
86,82
47,40
45,39
42,35
61,70
44,52
95,99
23,13
39,35
90,82
84,85
83,73
60,62
88,90
65,55
90,83
97,97
19,9
40,40
80,80
35,43
86,81
22,16
31,25
64,66
71,70
83,81
11,10
59,67
34,34
20,12
13,9
73,80
11,11
26,21
10,7
26,25
75,80
17,7
32,34
73,76
66,56
47,43
52,50
16,15
83,92
27,27
80,75
58,50
91,98
97,103
39,44
22,14
38,45
10,18
11,9
22,13
45,36
23,28
91,91
31,22
37,46
42,40
96,87
14,7
16,16
52,48
11,1
51,52
19,11
57,56
99,102
83,73
69,67
71,70
61,69
60,52
11,20
41,34
50,53
41,37
13,19
62,60
11,9
75,66
87,96
86,82
80,84
88,83
79,84
32,40
95,101
79,84
55,47
68,66
61,52
91,97
80,89
75,75
58,59
96,102
18,27
45,41
53,54
19,19
40,38
40,32
97,100
26,18
81,80
73,74
30,25
51,54
44,37
64,70
27,29
74,64
33,29
98,99
67,66
43,42
34,34
98,103
93,95
48,47
18,19
66,64
46,50
33,35
77,76
39,38
87,92
60,63
50,44
85,76
85,85
16,25
15,7
50,40
58,61
39,42
26,32
77,70
78,75
86,91
92,98
46,47
17,7
84,76
12,8
55,55
52,47
96,94
41,37
38,36
78,73
31,31
30,20
91,96
21,11
21,27
27,18
69,63
46,44
97,87
78,71
90,88
15,16
23,29
42,45
76,70
96,105
14,7
62,68
28,28
69,61
46,52
49,46
38,29
96,88
90,91
88,97
49,56
53,49
35,39
49,51
19,9
13,6
68,68
15,20
19,23
19,9
53,54
91,87
10,18
44,36
83,84
86,87
81,82
27,30
10,4
60,67
17,7
20,15
67,74
96,103
67,73
44,52
36,31
12,8
75,71
36,43
58,64
65,57
99,99
76,71
70,68
98,103
13,10
78,86
81,76
86,87
95,88
99,94
33,24
83,73
84,77
11,11
10,13
39,33
60,50
32,22
99,108
34,26
52,60
87,90
48,44
64,62
70,65
57,51
37,32
60,69
96,105
35,38
64,66
75,79
34,35
26,32
79,85
41,46
32,28
66,74
12,6
67,69
88,86
31,32
57,50
92,89
47,48
82,91
28,37
84,93
34,25
41,32
64,71
74,69
63,70
81,73
66,62
70,63
98,102
68,77
55,53
93,100
53,58
22,18
83,92
13,6
35,25
96,100
19,9
96,98
41,46
58,48
54,53
81,81
62,61
64,57
30,39
13,11
16,13
96,87
25,30
21,22
27,22
54,63
44,48
48,51
50,46
96,103
43,39
43,34
17,8
42,35
14,22
19,13
58,66
46,53
92,87
25,32
33,30
10,12
95,100
44,49
42,48
18,27
50,55
32,28
73,79
57,62
47,52
32,32
40,39
80,86
62,67
80,86
39,45
83,87
82,87
83,83
83,84
15,13
16,6
78,87
61,59
20,22
69,63
10,1
64,59
20,11
73,69
81,88
43,35
61,55
99,103
93,94
18,25
44,53
20,13
44,53
88,89
54,57
20,25
37,32
55,56
65,71
33,41
62,70
87,83
39,35
39,44
38,32
73,65
95,102
86,82
29,21
32,25
48,57
61,52
60,60
91,87
81,81
79,88
66,66
62,60
61,63
73,71
99,89
52,46
10,13
79,79
47,42
72,71
21,23
22,25
35,38
95,94
76,68
91,94
24,31
80,78
15,12
55,60
39,29
81,81
38,35
92,93
74,75
62,56
13,5
62,69
73,72
11,4
72,79
98,103
47,49
14,6
18,18
48,46
18,18
36,41
81,87
73,72
39,38
81,77
11,18
70,63
18,23
97,104
46,37
39,40
28,24
42,37
19,11
74,65
44,43
17,7
12,21
73,63
60,59
37,40
41,38
78,84
36,40
18,11
96,90
94,103
72,66
11,7
23,27
89,84
62,65
54,45
64,66
12,5
50,57
73,73
70,62
64,54
60,52
12,19
97,105
29,38
42,44
71,74
55,51
65,74
74,75
42,42
88,81
30,20
98,105
90,97
12,8
26,27
47,40
70,67
19,26
64,71
22,24
44,44
91,95
38,44
99,95
89,93
33,40
22,29
87,88
15,11
72,63
88,78
73,73
47,41
73,74
29,23
39,48
79,78
42,47
60,66
11,20
56,48
73,76
92,97
10,9
97,91
53,56
75,77
86,90
11,7
36,34
61,62
57,65
51,58
35,33
52,49
72,70
36,41
59,53
27,30
80,89
60,63
65,68
66,72
53,46
53,46
97,89
36,37
83,89
86,87
64,72
22,16
50,43
57,50
37,39
87,82
88,93
37,42
43,39
43,47
64,60
54,51
93,102
57,63
59,66
41,43
49,46
61,60
19,9
73,77
27,24
49,56
46,47
83,80
91,92
83,75
78,70
77,83
11,19
98,90
59,55
96,103
41,48
88,94
72,79
12,12
58,57
47,39
89,97
38,29
34,36
26,22
66,71
57,60
34,36
48,46
83,83
99,98
45,51
43,39
64,62
96,99
15,5
21,23
93,88
45,47
28,36
38,32
47,51
50,57
30,23
17,10
14,21
32,29
75,75
16,25
99,89
24,27
19,27
79,76
10,11
88,84
70,79
23,15
76,84
47,46
68,72
82,80
18,11
69,69
21,28
28,20
82,82
80,82
97,106
53,54
59,65
97,104
17,16
31,35
60,61
92,95
85,93
47,38
19,22
84,81
74,69
42,49
79,82
60,52
79,86
26,19
57,51
39,43
24,18
31,33
16,23
69,60
38,41
53,53
91,95
53,45
86,92
64,64
98,89
34,29
81,77
71,61
46,52
12,11
98,91
53,53
92,87
70,64
22,14
68,67
51,44
86,91
44,50
31,39
67,68
26,28
54,57

16822
6250
5654
9471
1657
1401
933
5546
1307
747
2735
232
781
44
736
547
141
106
94
108
38
4
37
12
7
16
7
2
4
2
2
1
0
1
0
0
0
0
0
0
0
0
0
0
0
0
0
0
0
0
