2910,2325
8150,7542
9752,9354
9526,8669
9449,9643
7742,7547
444,669
7193,7544
599,437
4764,4362
3704,2767
2127,1599
4131,3211
7763,7913
5585,5205
8328,9303
2946,2962
9289,9012
5789,5973
1014,825
2288,3149
578,888
5206,5538
6676,6603
6346,7151
8325,7354
3950,3159
8229,7248
8143,7876
3673,2834
8676,8451
111,-47
5494,5237
1119,1480
4836,4260
3118,3667
690,1433
76,-360
6157,5344
5020,4747
272,277
9251,8806
6719,7121
1970,2898
7321,8207
6388,5841
1464,2180
6055,5954
8244,8351
8005,8693
3600,3779
4978,4745
5623,5520
5754,4993
6177,6544
6181,6646
2009,1936
3195,3289
4884,5853
1924,2332
6993,6180
307,299
9369,9242
408,-552
1618,1727
9682,8683
8304,8712
1855,2559
6790,5888
9668,10657
481,568
4653,4337
1541,1160
5521,4608
8024,8831
7207,7939
4017,3860
2321,2212
196,746
5098,5557
6333,6410
1592,1941
7513,7297
2319,2519
5411,4630
7992,7679
2191,1235
2643,3171
365,-19
2942,2365
6466,5989
281,283
3970,3057
3472,2950
6809,7037
1019,733
4669,4959
7278,6736
7697,7244
2681,1840
1428,512
6615,7268
3973,3938
1288,1493
9899,9682
7474,7910
5646,6243
6888,7116
1163,1033
8912,8745
59,-450
1153,1120
6006,5130
1653,695
469,-115
2568,2653
704,780
5557,5980
9208,10035
9438,8962
6313,6248
9678,9126
534,685
3342,3751
5818,5827
3540,3257
274,-628
232,1137
7257,8165
9307,9566
2540,3219
4934,5249
9029,8401
4564,4546
824,1533
6501,5856
8466,8451
2637,2863
6805,6516
6445,7125
8101,8605
1949,2285
8524,8510
3499,4082
5265,5331
9001,9720
178,515
6062,6077
9737,9836
311,-161
2431,2995
7973,8912
2769,3333
9131,9348
6893,7106
6349,6360
1301,983
5671,5323
2628,3590
1137,564
9982,9723
9190,9203
3151,3181
2760,3714
3272,2290
3581,3596
1600,1424
2701,3049
5534,4863
514,-327
9530,8764
2122,3091
4604,4732
7571,8106
1090,1797
2235,1855
5712,5350
5268,6217
5168,5669
2351,2084
1591,895
510,1047
5010,5730
4431,5382
9017,8281
3413,3576
4591,5581
2148,2334
4356,3805
5834,6445
7554,7630
9215,9233
2657,2837
9537,8784
3461,3668
8286,7300
6985,6447
133,-155
3281,3246
8655,7905
4203,4275
8613,7706
8251,7355
6544,6902
2811,1856
7160,7110
5207,5309
9438,9443
2553,2441
8450,9364
7574,7514
4561,3624
1692,712
5219,4286
7735,7109
5794,5609
782,31
1031,60
3444,3284
8761,8078
948,-14
3592,3434
7935,8088
9170,8503
8659,7892
972,1076
6594,6029
5667,5409
1040,1569
4274,4387
6444,7384
2377,2421
2776,3325
8066,8333
3797,4669
4367,5326
6868,6510
8472,7726
1972,1280
5215,4265
184,200
180,1133
3124,3424
9435,10416
1901,1930
8308,8656
990,1980
2660,2831
145,426
1298,2081
5279,4556
651,663
6215,5240
4903,4809
3049,2801
7687,8259
7810,8103
8885,8464
9281,8833
7029,7335
2670,3560
2482,1893
5270,4371
2635,3430
1554,570
1983,2520
3385,3395
5420,5456
1743,1195
5678,5644
449,-475
1647,1794
1005,1380
4049,3064
2339,1954
128,207
470,-333
8843,8841
2733,2382
4809,4620
12,820
2730,2667
7123,6552
7030,7222
7720,7627
4937,4987
164,-323
3853,4709
3509,2644
9512,9325
1856,1408
6519,6778
8331,8700
9206,9387
335,-176
1828,2545
4435,3476
1468,843
5044,5114
1550,2020
1573,1970
9331,8553
1716,1954
1617,2226
2221,2385
6083,6752
8138,7206
6150,6252
3645,4185
2292,2308
8946,8760
2840,2680
2485,1841
248,1172
812,386
6756,7683
7812,7302
6855,6921
1357,889
4352,5272
5546,5161
9861,10429
1031,305
3473,2705
2490,2128
3731,4042
5801,6560
1541,1417
3328,3745
2440,1846
409,166
5383,6139
4113,3357
813,891
455,-462
8811,8942
3432,2863
9894,10530
5464,5387
667,1540
9679,9831
6101,6888
4820,4385
6532,6581
471,846
3952,3743
3354,2428
6264,7171
2447,1951
3028,2998
1106,324
3878,4530
7331,6376
6149,6136
7131,8073
4827,4372
1582,2104
6101,5247
5063,5478
6960,6447
7725,7668
416,-251
5891,6513
5969,4975
721,-134
7861,8763
7730,8171
1740,2229
1845,2758
7105,8052
5634,5766
7594,7730
443,494
2952,2493
3517,2883
3685,3531
6060,5684
1572,1006
9384,9824
9987,9191
1167,1228
9404,8959
4287,3416
722,-26
8665,7947
988,50
4099,4032
2727,3557
63,-709
9987,10096
2292,2173
9682,10065
2344,2987
1304,316
336,473
8743,8763
9133,9537
270,1021
5437,4503
9664,9044
2654,2078
5721,6044
781,973
96,-189
8553,7653
302,966
3018,2315
4080,4800
2171,1722
6008,6677
5939,5739
8773,8045
4322,4441
5567,5635
8178,8854
5163,5771
159,1028
587,1292
7846,8780
5701,6341
7177,6453
8259,7266
8054,8716
9295,9073
8264,7885
9016,8468
157,779
9945,10320
7920,7326
180,940
4641,3966
2701,3279
1865,2031
7354,6452
6616,6670
491,1078
8689,8004
812,199
2099,2690
8304,9150
893,1578
2188,2581
2037,2472
2662,2543
7071,7327
274,1111
9257,9209
5501,4958
4391,4053
1961,1870
2314,2403
4301,3675
7390,8264
1781,1048
9339,9984
195,701
3010,3840
8279,9251
1381,627
5021,5891
7625,7311
4559,3777
7216,6419
122,-97
3078,3032
2829,2055
887,1869
1925,2036
3498,3059
9140,8466
7530,8089
6157,5869
730,1435
8610,9263
302,6
9675,9697
9763,9962
5876,5450
410,8
6420,6570
4781,4218
6924,7741
7809,7895
4258,4074
1553,632
3404,2866
3926,3564
1951,2197
3267,2944
8600,9180
3238,2334
5799,6648
9596,9992
1183,442
4248,3315
4812,5576
5093,4618
3746,4484
9296,8689
5535,4798
4821,4673
3574,2824
907,572
1025,519
5378,6285
1809,922
9753,9872
7073,6304
4758,4818
5553,5929
894,1837
1816,1239
1130,1484
9694,8883
1081,615
516,882
5303,4632
6799,5817
8774,9535
1766,1132
6539,6653
7493,6857
4554,4662
2125,1701
1599,671
7001,6942
410,846
8869,8861
5916,6074
8123,7245
9592,8910
72,-60
921,1207
8753,8759
7380,7370
4284,3964
3352,4323
281,870
7437,7245
8482,8679
5195,5227
1667,2621
7987,8149
6364,5529
4029,3451
9287,8456
5235,4659
9999,9344
3905,3356
2038,3012
4479,3534
9218,8765
1138,383
1678,1242
6156,6758
8627,8559
2165,3032
6990,7853
3969,4114
2392,1631
1550,907
389,336
4698,4639
2258,1926
8031,8909
7357,7719
2951,3716
2139,1818
3943,4136
1744,1722
7968,7251
8346,9105
634,860
177,813
988,36
1171,1746
6086,6582
5518,6036
4212,4576
9268,8883
3005,3119
8369,8659
8001,7640
3117,2737
7346,6673
5852,4889
5272,4555
2364,1544
1857,1173
5310,5159
9607,10550
4649,5316
5585,4755
8531,8927
2332,1626
2441,1698
7226,7719
4047,3213
9973,9275
4369,4883
2857,3575
3513,2840
8374,7815
312,1149
7013,6615
3443,3345
9942,10485
912,1221
7903,8792
4594,4437
8328,7370
5256,4754
657,1033
280,1054
7129,7450
1436,2237
9082,8545
6743,7229
9922,10392
7952,7384
4821,4392
2526,3330
5612,4812
8538,8893
4036,4833
4189,4994
1024,817
162,-227
4747,3893
7078,7497
7244,8077
8764,9589
2194,1571
6103,5171
7684,7709
1601,1104
1106,610
244,325
4157,4598
9471,9038
2089,1312
6330,6770
4324,3927
99,-507
6902,7345
4207,4058
8832,9053
2964,3654
1051,1424
4666,3969
4548,4647
8048,8001
3217,2386
2797,2507
6647,6314
3359,3823
7694,7517
5361,4487
2897,3600
1353,1905
8840,8541
8322,8826
9927,9365
2327,3196
4853,5167
2434,2147
8521,7684
263,476
1645,2538
4525,5409
3689,4606
8756,8226
9225,9733
9740,9426
5312,6046
5126,5211
5408,4781
236,796
3696,4076
2895,3095
7131,6292
3530,4491
9954,9212
8883,9736
1192,452
3889,3898
3797,2973
1986,2291
5371,5586
9264,10191
6479,6454
7153,6979
8566,7972
3247,3900
1212,2026
1231,2051
144,-262
4609,4304
7115,6483
3531,2803
5386,5265
670,-155
5019,4318
5450,4970
9131,9266
9044,8383
8024,8603
8088,7293
3420,3258
4814,4675
5883,6568
19,-283
7645,8497
3649,4196
594,-290
8699,8865
6491,5873
7164,7617
8926,8941
6509,6546
2263,2284
1127,520
6703,6808
6311,6335
2179,2840
9302,8552
6253,6061
9660,9828
6553,7449
8344,7405
8889,9656
5049,5648
5486,6142
5423,4553
1030,2026
1439,1510
8005,7118
6055,6832
9988,9046
4727,4568
7383,7043
8015,7578
8778,8186
6713,6345
893,-94
6135,6436
7263,8023
6536,5771
482,400
5994,5706
3131,2916
4227,5202
2768,1978
2540,2167
2096,1142
5561,4915
8711,7890
1973,1501
6646,7530
1030,1351
3402,3382
8561,8036
7273,7145
2061,2863
7093,7197
4765,5147
990,1557
7802,8429
52,-348
7779,8306
7932,7016
2775,3633
1763,2044
3509,2598
3764,3737
7382,7448
9957,9089
4111,3422
4413,3771
2233,2326
8093,7266
1742,1050
8264,7965
7218,6494
2093,1457
4329,4375
4772,4832
5239,5183
3639,4230
306,175
9157,8512
2304,1837
3577,3639
978,1963
7691,7270
5394,4428
7760,7405
1055,161
9369,9557
2050,2820
7055,7661
3243,3209
4982,5557
772,1346
2996,3752
4149,3627
4205,3322
4412,5397
3168,3017
1486,2071
2861,2396
424,1274
6299,6596
2163,1307
8221,7888
1186,1440
1837,1522
8105,7857
6067,6400
7686,7689
1600,2513
8163,7671
8172,7392
4078,4060
9180,10082
7685,8173
6372,6005
9493,8627
2643,2804
3051,3985
1072,1491
2453,2459
440,-38
9441,10294
7857,7535
9249,9104
5539,5297
806,499
7081,7344
9381,9833
8001,7118
5766,5746
7028,7949
949,1721
46,106
4225,4965
2078,2978
9796,10632
9994,9750
1895,1058
5308,4436
449,-197
2444,1454
1828,1886
468,-509
8942,9329
3128,3309
4422,5220
5941,5333
8002,7024
4882,5493
325,-401
547,-16
9301,9987
6385,6973
2613,1945
4095,3941
3967,3755
8644,8521
6332,5871
181,1096
4696,5611
1181,1988
3679,3878
4952,5094
2848,3586
7867,7016
2897,2898
899,1433
8761,8327
2589,1831
2895,2277
6618,6248
3049,3558
3627,3756
5145,5433
409,405
1898,1590
310,272
3290,2872
2626,3532
8155,8693
1241,812
6030,5789
9872,9672
905,1219
7509,8242
8149,8544
3214,2903
9840,9077
3971,3758
4407,4849
464,193
9126,9100
7384,7023
2732,1830
1055,1420
4361,4838
3141,3938
5136,5582
2166,1953
4563,3935
3201,3231
3527,3888
9323,9193
1441,734
5000,5669
4389,3436
4774,4993
5512,4897
824,1213
2805,2922
1851,1386
7991,8361
462,1232
5343,5443
9143,8829
1928,1939
1615,1043
3881,4835
5541,4970
1035,1558
764,75
5086,4527
5708,6686
683,1529
7730,7983
9631,9317
1759,902
1732,2135
1602,1293
8708,9455
8550,9112
5685,5252
642,-343
1009,1142
4759,5023
2356,3036
1220,1565
624,-274
5147,6072
394,1269
6772,6299
5079,5916
9835,9624
359,1182
9291,9610
4224,5081
4828,5715
9064,10040
1291,1660
8009,8779
7805,8713
9656,9701
669,-209
4836,4332
5701,5018
8127,8953
5319,5921
9107,8156
3093,3807
7586,7064
6600,5967
7783,7439
349,-343
5819,5361
7300,6620
547,732
5041,5885
3335,2599
4925,5711
5703,5773
6702,7359
3515,3932
6667,5722
5831,4851
6425,6223
480,1064
3703,4113
2235,1514
9793,10138
1421,1286
2745,3005
1164,382
7534,6652
7073,6892
5740,6014
3721,4136
8212,7230
3875,4541

28414
23557
10653
1661
21458
24864
13761
27885
26668
5209
30087
8845
25781
20927
651
4377
10382
26374
29321
15085
8686
27026
9502
25020
10764
13010
7891
1413
22591
30415
5463
20419
4195
10501
4364
16101
20608
9073
18373
9725
422
17387
5327
21692
20507
29622
12846
31646
20153
19798
