7424,7217
9112,9170
6077,6120
2691,3053
1177,1415
4499,3889
5670,6033
1995,2906
7664,6667
9876,9658
1845,1253
2584,3081
757,-222
3711,3207
925,485
170,-246
3798,3797
3138,2753
8575,7800
4336,4753
558,-99
8603,8406
5544,6082
1619,1249
4532,4258
561,799
9018,9810
9393,9669
8055,7499
9389,10349
1010,1493
1185,276
1451,1621
5994,5830
2298,2152
322,883
7460,7731
9891,10756
3411,3941
653,1349
8283,7503
5580,5310
6406,6337
1250,2213
184,519
6869,6236
2801,2523
5257,4910
2657,1884
223,1160
6759,6712
5637,4872
6933,6283
8893,8951
3656,3362
8195,7943
927,1873
5691,5957
8640,8992
9541,9293
5467,5488
4087,3994
3803,3568
7114,6856
4726,4208
1961,2679
1739,1366
929,846
9427,8800
6568,6852
8094,8536
7401,7029
1066,1132
858,1368
2205,1405
4137,3778
7693,7148
1013,674
4543,5419
7104,6438
7589,7298
9385,8556
6001,5523
8033,8088
7640,7699
1896,1464
4775,4434
5822,6036
5543,4978
4655,4597
3781,3943
490,-214
7263,7619
6833,6894
4574,4742
8397,7842
7806,7884
9909,9477
1374,974
451,1054
4077,4598
1480,998
358,250
6640,5995
5039,4645
5508,6205
7495,7429
1287,474
7197,6729
7181,6376
6471,5767
1400,922
4556,3776
4557,3929
1477,1074
2864,2879
7869,8202
9946,9575
528,445
5869,5504
1244,998
5453,4718
3701,3762
7646,7864
9942,10501
6898,6096
1845,2305
521,-192
6437,6365
9165,10029
1773,1868
2815,1996
1993,1994
9571,9321
8396,7754
7941,7083
1268,787
8550,9034
1365,763
3524,3859
3384,3022
7250,7649
2512,1685
4610,3804
295,215
6027,6239
3545,3001
7848,7411
2022,2979
6229,5847
1725,1341
4524,5223
8852,8321
9691,9542
8472,9049
75,292
9203,9099
1541,715
7725,8447
951,1387
1167,1781
1038,1742
7102,7686
1161,1451
2972,2531
7822,7909
5655,5057
5694,5562
3184,3053
4196,3409
471,13
2487,2230
148,305
6671,5994
5773,5784
9624,9332
746,332
4912,5660
190,651
8730,9027
2481,2810
3090,2688
9985,10726
8763,9242
2839,1981
5390,5394
4578,4896
3185,3019
7140,8082
1608,1838
7947,8900
779,1223
3330,3437
2016,2351
5144,4529
2215,1937
414,-103
8377,7623
1943,2911
9471,9804
1842,946
8639,8949
1085,1021
4605,4751
2178,2340
4502,3669
190,193
2938,3748
2657,3034
1519,1633
4567,4763
449,1420
3649,3348
3683,4628
6146,6109
3582,3547
2432,2772
1346,686
9269,8778
422,724
3847,4040
2763,2520
236,-531
4684,5163
7874,7398
621,474
2862,3602
6310,7195
1309,824
1006,1803
9072,8454
8066,7483
682,-29
4504,4390
1480,1707
1516,948
3377,2948
1802,1779
6064,6251
221,80
9171,10008
6944,7080
1862,1113
4315,3963
5119,4585
375,1330
1818,2316
1554,1017
9273,10128
8359,8987
1839,899
7206,7372
1418,1947
3065,2292
7486,8280
959,1053
3357,2656
8948,9919
827,1795
190,530
9048,9761
7844,8071
1285,875
6658,7042
750,1621
5185,5783
1927,2679
6842,5947
1241,1932
426,1381
7329,6551
5150,5750
2651,3009
1515,2233
838,1282
2480,2792
4091,3738
9107,9648
619,869
3260,2456
7025,7585
8055,7538
5135,4796
2590,2943
2746,3657
5369,5402
7443,6696
9868,9860
314,-368
9922,10010
405,-53
2573,2531
649,-67
3074,3714
383,534
6828,6479
8285,8663
7693,8249
5092,5017
2232,2518
4058,3497
3028,3944
7105,8018
625,1016
3421,2905
1924,2838
8255,8157
9063,8395
159,800
9457,10150
1367,2107
2888,3125
5722,6664
8432,8641
45,269
9184,8896
7126,7344
541,954
3022,2095
4119,4308
7281,8064
5647,5795
2168,2948
1801,2100
2283,2103
7234,6455
6184,6961
8159,7872
1553,1348
1046,1000
5651,4967
1307,553
2133,1485
4272,5028
6509,5658
8708,9686
1037,645
86,716
2907,3812
619,542
7706,7401
4579,3672
7682,6785
3818,4627
6210,6851
1108,1531
9418,9157
3244,3181
268,-322
4225,3986
9129,8231
3976,3366
2027,1305
1827,2610
3089,3245
3800,4571
957,1487
1700,772
7722,8519
9433,9188
3977,3625
2236,2835
1877,1217
1301,406
3753,2872
9610,10438
1468,1207
9502,9990
8632,8673
5500,5189
9939,9056
4055,4972
1951,1931
9618,9887
8393,7716
239,222
2938,2083
1274,1398
2554,2602
189,995
8641,8777
4490,5270
4307,3648
7724,8101
3077,3382
567,1041
940,1697
5308,5707
7255,6956
4213,3896
2018,2403
8638,8141
9408,9795
282,502
8425,7991
250,-382
9212,8255
919,1714
3088,2426
9482,8612
8569,7976
5687,6146
2548,1599
1520,1818
1670,2411
4949,4080
7118,6422
5520,5506
5145,5472
3345,2577
3899,4809
1850,1400
772,126
1393,1792
662,1298
2858,1946
987,901
378,-306
9878,9933
9454,9580
3791,3636
6138,5991
8074,7713
1759,1134
1308,2151
9377,10000
789,1197
5379,5300
9616,9893
6428,5901
1701,1455
1538,1336
8384,7403
1751,1283
8677,8279
1541,1207
4862,4010
5716,5157
8274,7305
3859,2978
4482,3691
5329,6308
5533,5234
2463,1944
3129,2307
1386,706
3910,3363
4844,3919
4293,3901
7758,7547
502,873
2984,3192
8342,7592
841,680
8529,8496
1166,1800
5095,5024
5752,6522
6413,6617
7531,7801
2462,1585
8013,7307
4020,4896
4934,5636
3230,3497
1194,2007
8714,8764
9043,8049
331,11
5083,5193
7083,6258
8627,8235
4591,4257
8834,8119
4726,5372
9457,8985
1422,1526
1729,1898
1785,1192
3977,3481
754,1726
1239,1996
6948,6124
6211,7032
3521,3645
4063,3271
6798,7029
1250,946
2636,1879
2003,2471
792,1393
1142,677
6027,6298
8329,7403
376,-345
2571,3308
641,1570
727,1316
7825,7117
5380,4529
6057,6794
2608,2275
7963,8451
6818,6110
5518,4701
1879,1262
7944,7831
9875,10413
4937,5179
8875,9596
7191,6922
8530,9227
8894,9634
108,809
9806,9364
5880,5638
9902,9730
9168,9848
8297,8906
1592,650
2166,3097
1534,2212
8571,7739
7026,7012
625,-119
2038,1284
7471,7554
8116,8995
5761,5694
658,958
4782,5388
2671,3518
856,-41
4244,3266
4541,5111
9006,8633
5309,4942
3252,3676
8064,7714
5548,5451
9375,9929
102,935
5066,5569
403,224
6483,6213
2876,3359
455,676
5121,4779
7301,6334
7524,8115
6452,6880
976,111
7126,7719
1355,2097
8042,7129
2438,3183
140,907
7382,7239
2849,3481
7267,6524
8943,9228
9286,8752
9146,8804
9440,9605
7098,6277
2356,2293
5628,6106
9379,9832
6809,6850
3772,2948
8752,8063
9099,8338
8435,9122
1845,1357
1123,848
3456,3884
4855,4300
8849,8666
5039,4061
3468,3781
6303,6635
4082,4511
3882,3746
1782,973
5775,4914
477,563
3871,3799
5392,5475
3666,3236
641,749
415,462
9298,9376
6936,6619
9735,10495
9698,9889
3443,2529
2005,1449
99,-578
2053,1864
1325,1784
8063,7573
7842,7098
89,-51
6771,7478
3413,3014
8563,8408
3076,2552
2387,2842
8948,9650
6549,6884
2151,2046
8445,9112
9500,9431
8593,8356
6800,6581
8391,8497
7148,7319
8697,8750
1523,861
5933,6285
709,-168
5649,5694
6086,6988
4302,4540
5678,6044
3113,2350
8806,8676
397,375
5150,4984
9817,10294
1030,1119
1812,1296
9117,8182
7876,8843
1325,1232
1196,350
7990,8166
9528,9907
3852,3609
8269,8953
2926,2393
2476,2223
5146,5845
9597,9806
4701,4357
431,-257
7834,7422
404,1085
6696,6528
6641,7477
5663,5317
2094,1150
5951,6912
8678,9548
998,86
8744,9457
4717,3979
6910,7711
2444,2418
835,124
945,1774
4696,5469
7773,8221
1431,1183
826,634
8278,7435
2542,2521
6993,7733
683,56
9190,9389
1174,589
3001,2054
1718,2580
7926,7613
8201,8336
7255,7137
1689,1403
2136,2316
3208,2588
9373,8399
6261,5983
6906,5915
4573,4631
8293,7913
7696,6700
795,193
5453,5095
8322,9186
7195,7343
7846,7123
2971,3137
7685,7072
4570,4168
7071,6580
6718,6359
7158,7493
3215,3212
4261,3623
7406,6554
1216,1529
768,1607
6812,5895
5150,4831
453,-433
3870,4724
9421,8519
9089,9149
954,1664
6655,6584
3074,2162
2733,2066
7708,7651
8487,8008
5702,5236
2919,3503
8180,7423
9041,8598
8230,7523
6185,6942
9512,8714
2666,1848
3433,3232
6360,5785
1501,990
7630,7018
116,-288
5878,5448
9585,10275
7138,6177
3026,2992
8793,8736
2880,3682
8339,9105
9641,10527
6312,5718
2506,3307
9929,8957
5469,5081
1985,2396
1014,1883
3810,3088
205,-193
5430,6206
4184,3264
2429,2955
41,259
8964,9379
6184,5533
5481,5252
2072,1444
3512,4218
5205,5524
1466,2376
7564,6989
7787,8735
5192,5154
2526,3125
8966,9760
2476,2698
5699,5587
7045,7931
9775,10745
381,1351
7421,6939
5510,6313
8545,8393
7577,6628
251,1151
8450,7800
8169,8647
248,-709
4173,3557
6535,6582
1281,493
1129,549
1179,2110
6316,5500
6114,6136
4595,4483
3136,3811
7304,6790
1357,1422
1352,1496
1876,1835
5938,6662
4961,4556
3227,2476
9301,9788
842,89
4006,4022
4524,4022
6071,6992
2184,3131
3336,2861
7815,7038
1087,2012
7962,7870
9176,8537
3869,2871
8356,7702
7171,6577
442,697
5244,5905
3570,3232
7435,7417
7657,7143
8832,8657
277,-577
9202,9529
3750,3270
872,1521
6262,5369
8410,7496
4347,4538
24,-329
2405,1888
9234,8400
5125,4184
5036,5491
9564,10530
7769,7502
7572,6593
6449,5832
7687,8549
1390,2099
4498,4897
1993,2071
9285,8852
5000,5195
9594,10492
3702,4656
7923,8382
4638,5337
4376,4103
363,714
5931,5426
4304,4443
9901,9811
5582,5285
3858,4382
3741,3376
9140,8814
6855,7123
3606,2989
704,348
2908,3087
6242,6578
6076,5478
8102,8500
2767,2794
9190,9804
919,0
4919,4223
5636,5893
6271,6821
1139,1536
6708,7520
7674,7651
5764,6289
8272,7412
6709,7637
2665,2515
9194,9717
6429,7068
1398,1444
8490,7944
4154,3741
4397,4688
6930,6422
9369,10191
390,1236
3512,3457
1766,2171
9304,9595
6433,6361
2395,2554
8055,8366
5288,6134
346,1132
5780,6088
5685,5112
1791,2577
8066,8688
4679,3878
282,-590
7747,8463
5610,6592
3394,2762
6992,7736
5278,5536
5610,4784
677,1170
7989,7438
2031,1256
6077,7018
9348,9555
3187,4136
2102,1555
2803,3491
2895,2738
8714,7813
3822,3995
8662,9629
8813,8719
8718,8570
454,786
8665,7863
3460,3629
791,950
7749,8374
6233,5886
5194,5139
4326,4275
2505,1745
7629,8621
2993,3529
9836,10289
2673,1984
8083,7899
7841,7839
1491,637
1714,2108
1603,619
8312,7329
8936,9656
4954,5065
9259,9084
4178,4508
564,22
904,723
4871,3997
4555,4881
9452,9387
7403,6470
1046,439
1362,952
3661,2933
2378,2749
1833,1557
1239,1310
4379,4719
1358,1689
7040,6249
9996,10438
7167,7372
8813,9258
3054,2441
7183,6644
1607,1287
4358,4927
5319,5889
5870,5998
1835,1339
4983,5368
207,402
1039,1368
1653,2041
7895,6948
4473,5343
1991,1319
4860,3936
7003,7267
3735,3725
8911,8907
9739,8795
7882,8874
141,441
3520,3781
2027,2373
8491,7861
3391,3235
9352,9184
1933,1860
7951,8347
3885,3532
9480,10254
966,855
5438,5744
304,-609
2198,2618
7161,7985
4370,3772
8127,7741
3660,3337
7274,7734
6699,6082
4288,4456
670,1257
9012,9193
8115,8485
6625,6317
4665,5499
1036,424
6120,5308
6359,6342
3507,2536
9370,8809
6615,7364
4967,4752
6877,7676

382627
412246
393972
404710
