7919,3358
2428,244
1923,1748
2165,6140
5396,5810
5170,5859
6156,3335
7684,3528
6076,5109
2099,7289
5195,2729
7273,7583
2648,3918
3464,3802
1911,3673
994,7016
9923,586
6177,4801
2041,5799
947,6883
6972,8459
2623,8992
3945,3404
6555,1606
8054,161
9149,9639
7236,9510
3936,6852
1365,1030
738,3104
8319,4087
7723,789
5771,8428
3243,3884
1242,5068
9082,5313
2969,5056
4681,1412
5798,386
2554,7126
2810,7929
8901,3262
9429,1607
4996,5993
6426,5572
3429,8533
7927,8537
5502,6354
8221,7994
4143,2505
2672,5107
4925,1438
5951,2066
2935,3746
779,2113
8356,4244
9306,5689
597,2622
4944,3315
4502,9875
4233,993
1045,1021
600,7231
1921,3533
883,9888
8430,1807
6704,7398
9410,2185
6129,2683
790,9974
7949,1152
6490,9608
1376,1413
2485,2731
6952,6088
3121,7501
3192,4239
9289,7577
1814,1894
8397,245
2160,5460
8690,657
9338,9348
7332,1417
7325,6429
279,4610
9230,2789
6083,6823
9223,4192
266,6314
4275,4500
9738,7585
2541,8998
6930,2988
2695,7360
6194,8530
6900,1169
3724,1245
2207,2696
1694,9907
9789,2364
4057,5461
9347,5436
106,3595
9525,2270
2651,5036
5739,1841
4290,5776
9138,6889
133,2523
4383,8420
1583,1791
3584,3001
954,9084
1342,7879
2117,5384
8604,1846
620,886
8652,6234
1330,7356
967,4987
1784,1074
5810,2925
508,1844
693,4640
4079,400
3648,2978
3453,1509
1101,7674
4029,239
9613,6897
3662,8062
9662,6971
3063,2547
333,3847
380,2487
1440,836
5623,4322
1776,4099
7550,882
6890,1311
4203,5745
2880,7640
1738,4912
765,1443
6833,6846
1544,456
8008,9507
902,6573
1930,5449
377,1260
2085,265
9674,9399
6767,824
6535,438
4031,909
3892,6677
6148,6633
1695,579
186,4561
7120,5651
5071,1626
34,2371
9466,8204
2256,2996
3973,5119
7613,8975
714,1704
2053,3831
6828,2725
241,5722
1158,3672
9843,70
1791,8843
5329,1451
767,7125
2751,9602
7464,2176
3632,6407
8966,2362
7307,5304
4579,7599
9311,256
1549,6343
8528,9562
451,7106
4234,5285
6766,9439
3753,302
3217,1498
7456,5860
2083,6212
7833,4918
1776,648
924,2257
8461,7099
8861,505
8155,5071
7146,4238
905,9050
5528,4390
9680,4381
9909,368
4140,2622
5016,5338
2756,7011
8967,3741
5357,2349
608,1132
3168,1305
3295,5508
939,4492
8944,3508
6540,232
1222,3225
517,1626
7075,4004
2837,1075
1490,6527
365,125
1084,4271
4549,5562
9178,939
1249,5777
4097,7300
7048,7336
7771,3307
7585,3514
8805,8764
6189,6291
61,6621
1546,2764
2434,9232
6810,1437
5987,5272
9148,2990
1409,6903
7369,6229
4634,4823
220,3686
588,436
657,9667
7008,9897
3455,77
3323,8655
990,2619
6613,9768
583,2514
1279,7638
1957,5847
3278,9610
4057,7595
4683,8172
7415,5827
3096,1505
7766,4568
5959,2634
1431,2546
878,4277
1790,9800
4990,679
2241,3473
2276,9531
5232,3437
4116,3097
1631,5220
4441,4101
8037,3243
6023,5342
8306,4491
9549,5795
6429,2258
950,1147
3051,3524
7661,942
9665,9662
7137,1841
286,4857
1240,4301
4140,5024
687,9001
9419,983
2190,6394
2301,147
2571,3591
1097,5679
4628,6857
952,1901
9881,9926
5022,3502
8499,4718
2410,9137
5120,7093
4074,501
537,5578
2565,3692
5536,1100
2358,684
459,4099
6246,4244
5079,7624
3041,585
1763,4163
1502,8370
3550,2092
1477,1099
4538,9167
6328,1839
7904,2123
5998,1842
2819,2012
5588,2777
4059,227
3266,2406
3203,2326
3133,9612
6342,92
2848,9302
21,9904
2083,3483
335,1832
5555,1051
5343,4981
4393,3887
9299,6506
1469,6455
7964,5352
7727,2543
3657,5162
9610,1956
2815,8914
23,6056
8374,8729
9827,9688
8483,3824
9311,5951
9447,4095
6246,8622
7712,5951
2180,2750
6733,586
4908,855
7087,4500
4523,7375
964,9814
701,1262
8897,9245
2205,1488
6817,6445
1949,2901
1893,2757
2059,4235
6552,1754
8745,2426
9672,7415
9085,2807
2454,2591
9381,846
8506,1464
9725,4200
6227,426
6024,8373
6698,8608
404,5146
9325,1243
561,617
7764,2283
1779,8103
2111,4388
4091,1559
6476,6231
8355,8161
6727,4700
8576,1184
8981,9769
8135,4046
4545,2725
9736,6283
7068,2627
4755,3214
2801,7841
5662,649
9280,1101
9370,7066
5811,5122
9517,8463
1792,7976
4243,2662
7466,5413
2004,2743
5292,4503
5558,7678
4614,1605
613,4091
901,4032
3638,1581
545,127
3485,1336
9629,7831
5575,3150
5380,3796
5321,8920
3710,4163
6418,1452
6195,2753
6583,1323
9833,6632
8824,9989
4370,265
4818,4222
1893,1504
3638,267
2295,260
3269,8730
7630,4239
3331,9694
1766,976
3595,6416
4361,3418
8393,2218
6463,7058
5486,6040
5049,4281
5808,2801
6567,5426
3185,4034
4987,5227
5174,9008
2622,2360
3285,7835
2123,3588
5409,4195
8322,3943
3865,3369
5890,7493
310,6765
8244,6610
4892,2157
1783,5879
5388,441
1997,8952
3947,5406
2349,1333
9687,4499
9704,8855
4830,1359
3167,683
6814,2241
1667,6323
3087,9911
479,9677
2102,3837
7944,2006
8406,8231
915,4196
283,8566
3453,5025
9966,9540
3354,3054
4058,321
979,8518
8224,5321
2460,644
5173,7954
9195,8454
2838,6726
5907,4782
3162,1885
1191,4558
8669,4977
8942,3516
5814,2590
1379,2940
1551,9375
7017,6761
7362,4186
259,9624
6820,9093
8513,4121
1934,2405
4775,5807
9314,602
5614,6326
1097,3488
8419,5122
1344,7605
2416,4051
9556,2007
8617,7121
3593,2766
8374,361
8528,6351
6212,5591
189,2571
1484,9291
6760,9147
4261,8961
3360,8838
246,6573
7327,962

20900
26835
23868
22864
20059
20315
21094
18836
27272
27102
19002
25283
28093
19262
23074
21743
18897
27711
25316
21140
22109
25834
28151
22495
24939
26416
22166
20913
23851
19280
19284
20704
19176
20283
21807
22206
23675
20021
25639
19294
20606
21438
20241
27797
18820
27378
24231
20542
27527
