5296,15296
9169,19169
6309,16309
3089,13089
7500,17500
8100,18100
5309,15309
9008,19008
8511,18511
862,10862
6045,16045
6705,16705
1392,11392
1325,11325
9278,19278
1858,11858
3184,13184
8418,18418
1153,11153
2508,12508
6805,16805
9447,19447
9290,19290
351,10351
2909,12909
132,10132
2006,12006
9027,19027
5794,15794
4506,14506
9328,19328
1683,11683
5037,15037
3505,13505
81,10081
8879,18879
5949,15949
1924,11924
1994,11994
8921,18921
4216,14216
5099,15099
9096,19096
2774,12774
2232,12232
363,10363
5506,15506
3130,13130
4436,14436
715,10715
3945,13945
4490,14490
7247,17247
4392,14392
84,10084
4339,14339
3596,13596
7728,17728
4001,14001
4372,14372
8094,18094
96,10096
5906,15906
1523,11523
8538,18538
6385,16385
9046,19046
9656,19656
3627,13627
2726,12726
2111,12111
9360,19360
3037,13037
7476,17476
862,10862
3383,13383
1066,11066
9331,19331
1358,11358
420,10420
5396,15396
1827,11827
8433,18433
4495,14495
5509,15509
4651,14651
6994,16994
8868,18868
7858,17858
3398,13398
5428,15428
1774,11774
9143,19143
3056,13056
9086,19086
6513,16513
6427,16427
8165,18165
5988,15988
957,10957
543,10543
5885,15885
9328,19328
1919,11919
8421,18421
8643,18643
6357,16357
5621,15621
435,10435
4434,14434
1282,11282
7354,17354
4945,14945
3720,13720
6141,16141
4962,14962
3658,13658
6616,16616
682,10682
647,10647
6614,16614
6987,16987
2094,12094
8826,18826
4348,14348
6986,16986
7896,17896
1822,11822
1443,11443
2026,12026
2377,12377
918,10918
824,10824
6009,16009
5260,15260
8383,18383
8751,18751
3287,13287
6562,16562
4805,14805
1398,11398
2262,12262
4856,14856
7816,17816
890,10890
5181,15181
8504,18504
8158,18158
6287,16287
8703,18703
2485,12485
8170,18170
9692,19692
4001,14001
7309,17309
1375,11375
6022,16022
318,10318
5272,15272
16,10016
8039,18039
8344,18344
1216,11216
7122,17122
6728,16728
2526,12526
1019,11019
2415,12415
1329,11329
502,10502
5561,15561
2870,12870
7543,17543
250,10250
5191,15191
7487,17487
8745,18745
5024,15024
106,10106
8581,18581
6520,16520
160,10160
4498,14498
212,10212
6262,16262
5546,15546
1543,11543
1850,11850
9023,19023
7873,17873
481,10481
9886,19886
8425,18425
1570,11570
8631,18631
5389,15389
653,10653
2876,12876
1247,11247
9445,19445
3962,13962
5013,15013
170,10170
9969,19969
9393,19393
7847,17847
9309,19309
9482,19482
7387,17387
9276,19276
4217,14217
6149,16149
10,10010
2229,12229
5532,15532
7315,17315
9999,19999
2771,12771
9548,19548
5329,15329
9532,19532
8139,18139
2307,12307
8884,18884
8114,18114
530,10530
7894,17894
9737,19737
8684,18684
2142,12142
7315,17315
787,10787
5009,15009
9980,19980
1914,11914
1711,11711
1592,11592
3755,13755
4974,14974
1551,11551
6184,16184
5211,15211
8468,18468
1805,11805
2110,12110
1014,11014
2322,12322
3103,13103
6726,16726
9630,19630
3649,13649
3519,13519
3454,13454
7208,17208
1872,11872
7852,17852
3151,13151
2502,12502
986,10986
8032,18032
2680,12680
6218,16218
5733,15733
3922,13922
6142,16142
5793,15793
5063,15063
287,10287
1289,11289
270,10270
5053,15053
1642,11642
649,10649
7299,17299
6411,16411
7505,17505
2328,12328
624,10624
3921,13921
184,10184
1176,11176
1341,11341
8849,18849
1941,11941
3603,13603
4798,14798
8209,18209
3469,13469
2894,12894
4784,14784
2996,12996
1954,11954
9774,19774
8638,18638
918,10918
2202,12202
2366,12366
1246,11246
7007,17007
8931,18931
9771,19771
1718,11718
1956,11956
3950,13950
6793,16793
1266,11266
3108,13108
9056,19056
1481,11481
2795,12795
124,10124
8592,18592
1402,11402
7488,17488
7714,17714
1542,11542
6934,16934
4251,14251
5499,15499
1434,11434
44,10044
3106,13106
8964,18964
2996,12996
2872,12872
961,10961
2410,12410
2376,12376
6390,16390
2363,12363
3861,13861
1930,11930
2476,12476
4463,14463
6000,16000
1299,11299
1196,11196
7227,17227
2350,12350
7675,17675
1315,11315
7290,17290
4624,14624
5824,15824
396,10396
3338,13338
9910,19910
1497,11497
5732,15732
9333,19333
228,10228
474,10474
5006,15006
3209,13209
4258,14258
501,10501
8560,18560
9535,19535
9279,19279
2633,12633
9872,19872
3603,13603
3256,13256
1748,11748
4519,14519
5687,15687
2655,12655
5516,15516
3717,13717
3762,13762
2258,12258
1207,11207
9293,19293
4310,14310
7468,17468
3962,13962
7260,17260
2545,12545
3849,13849
407,10407
7989,17989
9050,19050
3998,13998
5538,15538
9932,19932
869,10869
8541,18541
8010,18010
3592,13592
7190,17190
1344,11344
1780,11780
9389,19389
5046,15046
7155,17155
4703,14703
779,10779
4600,14600
2487,12487
3079,13079
4770,14770
5044,15044
8470,18470
5705,15705
2632,12632
2057,12057
5418,15418
5327,15327
4449,14449
6000,16000
6638,16638
5091,15091
9838,19838
7217,17217
6362,16362
7412,17412
9095,19095
5875,15875
241,10241
8521,18521
5608,15608
8736,18736
705,10705
4448,14448
444,10444
3998,13998
7849,17849
2536,12536
3034,13034
2433,12433
1205,11205
7866,17866
3688,13688
2492,12492
2174,12174
1082,11082
8226,18226
3569,13569
5952,15952
8464,18464
4910,14910
231,10231
6941,16941
7805,17805
8732,18732
9674,19674
6386,16386
5898,15898
87,10087
6861,16861
6462,16462
8833,18833
806,10806
9829,19829
4612,14612
9896,19896
6237,16237
3384,13384
4755,14755
9200,19200
4404,14404
1240,11240
6829,16829
1209,11209
1922,11922
5930,15930
2045,12045
9833,19833
9938,19938
8309,18309
6082,16082
559,10559
4933,14933
7359,17359
9326,19326
232,10232
9043,19043
5901,15901
1064,11064
1025,11025
2211,12211
9270,19270
8680,18680
8377,18377
5078,15078
3751,13751
2646,12646
9217,19217
3340,13340
1762,11762
6002,16002
5697,15697
3332,13332
7897,17897
9721,19721
1830,11830
9842,19842
5229,15229
1109,11109
3930,13930

218584
205033
210794
215033
